
    caramels chocolats
1      100.0     100.4
2      100.8      99.8
3      100.0     100.4
4      101.0     100.7
5       99.7     100.1
6      100.6     100.6
7      100.9     100.4
8      100.0     100.5
9      100.6     100.1
10     100.9     100.2
11     101.0      99.6
12     100.8     100.3
13     100.2      98.8
14     100.6     100.1
15     101.1      99.1
16     100.2     100.3
17     100.3     100.0
18     100.1      99.8
19     100.2      99.6
20      99.4     100.8
21      99.5      99.5
22     100.0     100.7
23     100.5     101.2
24     100.7     101.0
25     100.2      99.9
26     100.4     100.1
27      99.9     100.4
28     100.1     100.5
29     100.7     100.4
30     103.0     100.3
31     100.5     100.8
32     100.4      99.7
33      99.4     100.2
34     100.5      99.4
35     100.5     100.8
36     100.2     101.3
37     100.6      99.8
38     100.3      99.5
39     101.1      99.3
40     100.6      99.4
41     100.4     100.2
42     100.5     100.7
43     100.1     100.4
44      99.7     100.1
45     100.1     100.8
46     100.1     101.1
47      99.7     100.6
48     100.1     100.3
49      99.1     100.2
50     100.6     101.2
51     100.1     100.5
52     100.4     101.1
53     100.7     100.7
54     100.7     100.8
55     100.5     100.1
56      99.8     100.1
57     100.0     101.3
58     100.5     100.4
59     100.0     100.0
60     100.4     100.7
61     100.0     100.4
62     100.4     100.2
63     100.3     100.0
64     100.2     100.8
65     100.2     100.5
66      99.8     100.7
67     100.0     100.6
68      99.7     101.4
69     100.8     100.6
70     100.0     100.4
71      99.6     100.4
72     100.1     100.2
73     101.6     101.5
74     100.8     100.5
75      99.0     100.4
76     100.6     100.4
77     100.5     100.5
78     101.0     100.8
79     100.5     100.5
80     100.7     100.3
81     100.1     100.2
82     100.2     100.7
83     100.2     100.1
84     100.2     100.2
85     100.7     100.5
86      99.6      99.9
87     101.0     100.3
88     100.6      99.5
89     100.4     100.4
90      99.4      99.7
91     100.0     100.4
92      99.7     100.5
93     100.0     100.5
94     100.7      99.7
95     101.1      99.7
96     100.1     100.0
97     100.4      99.6
98     100.3      99.8
99     100.4      99.5
100    100.5     101.0
101    100.9     100.0
102    100.6      99.7
103    100.4      99.6
104    100.4     100.4
105    100.5     100.5
106    100.1     100.0
107    100.8     100.1
108     99.9     100.0
109    100.6     100.2
110    100.6     100.4
111    101.4     100.2
112    100.6     100.1
113    100.4     100.2
114    100.4     100.3
115    100.8      99.4
116    100.9     100.1
117    100.5     100.2
118    100.5      99.5
119     99.9     100.2
120    100.6     101.0
121    100.9     100.0
122     99.9     100.4
123    100.3      99.7
124     99.7     100.4
125     99.6      99.4
126    100.3     100.5
127     99.8      98.8
128    100.1      99.8
129    100.2      99.7
130     99.8      99.6
131    100.3     100.5
132    100.4      99.7
133     99.5     100.4
134    100.6     100.0
135     99.9     100.2
136     99.9     100.1
137    100.4     100.2
138    100.2      99.8
139     99.7      99.6
140     99.7      99.6
141    100.3     100.4
142     99.7     100.1
143    100.4      99.5
144    100.7      99.5
145    100.6     100.1
146    100.1      99.8
147     99.7      99.8
148     99.5      99.7
149     99.8      99.5
150    100.3      99.3
151    100.3     100.0
152    100.5      99.2
153    100.5      99.2
154    100.7     100.4
155    100.8     100.5
156    101.0      99.2
157    100.8     100.1
158    100.7     100.0
159    100.8      99.4
160    100.4     100.0
161    100.2      99.8
162    100.2      99.6
163    100.6     100.0
164    100.7      99.4
165    100.7      99.0
166    100.6     100.4
167    100.6      99.7
168    100.8     100.0
169    100.4      99.8
170     99.7      99.7
171    100.2      99.7
172    100.8      99.7
173    100.7     100.0
174    100.4      99.6
175     99.8      99.6
176    100.3     100.5
177    100.8     101.1
178     99.0     100.7
179    100.6     100.8
180    100.5     100.1
181    101.0     100.1
182    100.5     101.3
183    100.7     100.4
184    100.1     100.0
185    100.2     100.7
186    100.2     100.4
187    100.2     100.2
188    100.7     100.0
189     99.6     100.0
190    101.0     100.1
191    100.6     100.0
192    100.4     100.2
193     99.4     100.4
194    100.0     100.2
195     99.7     100.1
196    100.0     100.2
197    100.4     100.8
198     99.4     101.1
199    100.5     100.6
200    100.5     100.3

